box: 0.11990356758736681
cls: 0.22468863116182464
dfl: 0.7442320502216615
fliplr: 0.3783944925280431
flipud: 0.1632644676195737
hsv_h: 0.0007771792989323845
hsv_s: 0.662973145496294
hsv_v: 0.8197284807356022
lr0: 0.02384173391207442
lrf: 0.012895667499073605
mixup: 0.6220449562281775
momentum: 0.6945718332918109
mosaic: 0.2636361941776937
warmup_epochs: 0.6492318444597117
weight_decay: 0.004023795031601631
